FMG Training (Long List) / Sample,Type,Magnetite/Hematite,"Fe-Carbonates Mix (Ca, Si, Al, Mn, Mg)",Quartz,Stilpnomelane,Chlorite + Clay Minerals,Other Micas,K-Feldspar,Albite,Zircon,Calcite,Ankerite/Dolomite,Apatite,Monazite,Fluorite,Pyrite,Chalcopyrite,Pyrrhotite,Baryte,Ilmenite,Chromite,Rutile,Others,Total
7 - NSRD0801 Comp 3 Tails,Tails,3.27279659,8.07491934,56.29348367,3.15151904,12.90192504,0.02759117,10.44151155,0.03777118,0,0.00149031,2.79738519,0.79557464,0.03892659,0,0.41341079,0,0.04715338,0,0.1448314,0.01434687,0.02257317,1.52279009,100
8 - NSRD0801 Comp 4 Tails,Tails,1.83637734,10.15873136,51.37147798,2.63470495,14.72553153,0.01775812,11.86289863,0.08067048,0,0.0002515,3.71585362,0.84792006,0.04526661,0,0.48745621,0,0.04966577,0,0.23593806,0.06319035,0.02581977,1.84048766,100
9 - NSRD0801 Comp 5 Tails,Tails,3.00332387,10.36330185,54.41710782,3.98297837,14.81722253,0.01644184,8.00115553,0.00815742,0,0,2.13580761,0.79830373,0.05207425,0,0.3464861,0.00018522,0.02779269,0,0.16144568,0.04421548,0.02897644,1.79502357,100
10 - NSRD0801 Comp 6 Tails,Tails,2.39632479,13.58323223,43.10863448,8.97040568,23.00909514,0.01916859,3.70346302,0.0026029,0,0.00257176,2.02227604,0.69622938,0.04925247,0,0.33158429,0,0.05867592,0.00056465,0.2396734,0.07736846,0.02977635,1.69910046,100
11 - NSRD0801 Comp 7 Tails,Tails,6.69667928,10.80500574,44.86654608,7.60748291,21.92175039,0.00937,2.63508923,0.00059126,0,0.00013105,2.39077243,0.7290457,0.04990582,0,0.33599553,0.00037236,0.05865562,0,0.22726234,0.02263171,0.02613568,1.61657687,100
12 - NSRD0801 Comp 8 Tails,Tails,1.78678373,10.16707007,44.77232769,10.45094128,19.33452889,0.03011636,6.82402688,0.00078456,0.00066307,0,2.60649734,1.17845681,0.03863765,0,0.41706842,0.00230577,0.0454875,0,0.22560645,0.03442609,0.03408921,2.05018223,100
19 - NSRD0800 Comp 4 Tails,Tails,4.95234206,7.14105203,60.45651362,1.44693158,10.44817664,0.02325204,11.12343254,0.49975992,0,0,1.07539385,0.91411853,0.04182663,0,0.22885697,0.00240612,0.02264765,0,0.03287515,0.01913134,0.08121209,1.49007124,100
20 - NSRD0800 Comp 5 Tails,Tails,1.41808364,8.96106435,53.02878716,2.68675802,18.63750028,0.0306998,10.573919,0.02827043,0,0,1.27033462,0.60563145,0.04805233,0,0.83680929,0.00067489,0.0783791,0,0.20155818,0.06099339,0.0442878,1.48819627,100
21 - NSRD0800 Comp 6 Tails,Tails,1.64244705,8.80454768,50.17489786,3.46387294,22.78971588,0.04144596,8.00510228,0.010564,0,0,1.40553463,0.54064383,0.05176771,0,1.06841555,0.00681516,0.054312,0,0.25406038,0.05542852,0.02821212,1.60221644,100
22 - NSRD0800 Comp 8 Tails,Tails,1.65758672,11.97651163,47.28276474,4.53344403,24.13496306,0.04058477,6.64173133,0.02129192,0,0,0.75583364,0.43428222,0.04846706,0,0.4031389,0,0.03039331,0,0.30594952,0.14935,0.05282768,1.53087944,100
23 - NSRD0800 Comp 11 Tails,Tails,2.25576541,6.85133115,54.90888232,2.47575574,16.90811732,0.03133577,11.69984057,0.59121865,0,0,1.06442924,0.72388418,0.04981634,0,0.47303417,0,0.05875168,0,0.1268091,0.03048745,0.18843778,1.56210313,100
24 - NSRD0800 Comp 15 Tails,Tails,1.74552188,7.57234715,51.16688662,2.46830508,13.62832472,0.03414416,17.35379026,0.7778449,0,0,1.73489497,0.64996214,0.04994054,0,0.55736879,0.00036114,0.04545279,0,0.21107729,0.05394532,0.10122675,1.84860549,100
33 - NSRD0799 Comp 5,Tails,10.14772804,6.05477277,51.32322937,1.43785058,8.62907058,0.03625175,15.72120975,2.3841861,0,0,0.78055475,0.69918314,0.04306749,0,0.18396966,0.00021429,0.01385364,0,0.04007913,0.07340454,0.13670147,2.29467294,100
34 - NSRD0799 Comp 6,Tails,4.72824529,6.40439363,56.24925486,1.10783951,8.37697366,0.01922982,14.66749314,2.5347169,0.00018733,0,1.887251,0.86195902,0.04784028,0,0.16748039,0,0.01236212,0.00025267,0.0325916,0.03567717,0.08142984,2.78482177,100
35 - NSRD0799 Comp 10,Tails,3.84086066,7.68441435,61.70479696,1.4684568,11.63366698,0.02418364,8.07669419,0.81317659,0,0.00025979,1.45647957,0.76567363,0.0327354,0,0.2170464,0,0.02251681,0,0.07643463,0.04242907,0.04464073,2.09553382,100
36 - NSRD0799 Comp 12,Tails,6.7653772,4.51339726,54.80567538,2.42881453,6.87696303,0.03602397,15.83900785,3.16954978,0,0.00035138,1.67457563,0.69987188,0.03701606,0,0.27242829,0,0.01874846,0,0.01075362,0.0158926,0.11729593,2.71825716,100
37 - NSRD0799 Comp 13,Tails,1.9924052,7.23892321,55.66926282,2.44243003,11.78317415,0.02511608,15.47107422,0.55169712,0,0,1.4841178,0.72887906,0.03803226,0,0.45569085,0.00050855,0.03628912,0,0.11308817,0.03385035,0.05760349,1.87785752,100
38 - NSRD0799 Comp 14,Tails,1.56589068,10.02937512,50.40239,3.57261404,19.55823523,0.03859116,10.83677903,0.03116783,0,0,1.09194236,0.66382332,0.03993572,0,0.24855224,0.00049347,0.02024661,0,0.25679816,0.05544914,0.02992939,1.55778649,100
39 - NSRD0799 Comp 16,Tails,1.82690065,10.31119084,49.51093753,5.35351659,20.2430949,0.05439239,8.72516851,0.00302658,0,0,0.95793008,0.34123665,0.03966223,0,0.38357326,0.00168385,0.04646518,0,0.40466944,0.12399543,0.02498086,1.64757503,100
40 - NSRD0799 Comp 17,Tails,1.67175372,8.91117036,51.09110488,3.71199896,18.93169964,0.05365612,11.32520397,0.00540445,0.00015933,0.00040858,1.47344407,0.52070224,0.0409538,0,0.29623164,0,0.02237889,0,0.28568316,0.06806102,0.02612552,1.56385965,100
46 - NSRD0798 Comp 6,Tails,2.46208621,8.14996497,58.61809571,11.0811358,9.6795873,0.00448653,3.55675486,0.02818515,0,0,3.80192449,0.78972635,0.03418962,0,0.19672968,0,0.02993208,0.00156262,0.09797109,0.00597547,0.01817884,1.44351322,100
47 - NSRD0798 Comp 7,Tails,3.0173978,13.21610359,46.08863009,17.89120005,15.26287907,0.01334227,0.10820632,0.00784742,0,0.00361443,1.62852651,0.56112268,0.04452097,0,0.51321828,0.00160049,0.05057858,0,0.10223483,0.00596753,0.03550032,1.44750878,100
48 - NSRD0798 Comp 8,Tails,3.95853431,12.81503228,46.720434,19.36958073,13.88978228,0.00597459,0.0321172,0.00285909,0,0,0.9305045,0.5320905,0.03891609,0,0.21443134,0,0.03126236,0,0.05689998,0.01489674,0.02048119,1.36620283,100
49 - NSRD0798 Comp 9,Tails,5.30560915,11.58017902,43.79213686,22.56554665,12.39408124,0.00128399,0.01588501,0.00124102,0,0.00011003,1.96686996,0.5597363,0.03368203,0,0.15635264,0.00045472,0.04605348,0.00051535,0.08265792,0.03529183,0.01593224,1.44638056,100
50 - NSRD0798 Comp 10,Tails,3.80303555,8.89503465,50.36566176,19.44340704,11.9388525,0.0137198,0.25111773,0.00609884,0,0.00032838,2.75780315,0.50616835,0.03042849,0,0.21372324,0.0001875,0.03499251,0.00002857,0.09172068,0.03429519,0.02057233,1.59282373,100
57 - NSRD0797 Comp 3,Tails,1.38118756,16.11205457,57.2713576,4.35212992,17.88055316,0.00334659,0.30488209,0.00087803,0,0.00019009,0.55740816,0.85293914,0.05125096,0,0.21729166,0.0000982,0.02784199,0,0.13456307,0.01010055,0.08380108,0.75812557,100
58 - NSRD0797 Comp 4,Tails,1.41695997,9.19506836,66.88884602,6.07234424,11.11039017,0.00448523,1.90559468,0.00740958,0,0.00002012,0.91407713,1.34323824,0.0386223,0,0.09880908,0,0.00839711,0,0.00336342,0.00678072,0.0557118,0.92988183,100
59 - NSRD0797 Comp 8,Tails,1.20946315,9.41228895,65.23288467,6.92320089,13.4030172,0.00233515,1.16709041,0.00098861,0,0,0.48887147,1.00106587,0.03881134,0,0.17473029,0.0002264,0.01477773,0.00017249,0.02758747,0.00318807,0.0603501,0.83894973,100
60 - NSRD0797 Comp 9,Tails,1.282046,7.51753613,67.33042213,5.10798793,9.83985176,0.00836342,4.0618074,0.00644665,0.00037017,0,1.49547131,1.63624933,0.03657828,0,0.19364841,0.00136778,0.01103731,0,0.00874451,0.00846719,0.0430289,1.41057539,100
61 - NSRD0797 Comp 13,Tails,1.5249428,4.31692717,71.89347149,3.57069221,2.89671352,0.02433764,10.41451155,0.00393378,0,0,1.74486486,1.49725944,0.03074951,0,0.13006275,0.00132127,0.01103531,0,0.00394836,0.00543736,0.03400228,1.89578871,100
62 - NSRD0797 Comp 14,Tails,1.51103694,8.9588451,50.15818553,12.06908008,21.74712897,0.00497735,2.18620771,0.00145274,0,0,0.59600974,0.9305491,0.06285812,0,0.40646878,0,0.05179822,0,0.20727074,0.01490149,0.04241982,1.05080958,100
69 - NSRD0796 Comp 2,Tails,15.45823368,11.3247703,55.33741249,0.37348888,10.33408148,0.03336079,4.5665219,0.07001139,0.00030858,0.00501559,0.04946044,0.76249003,0.03464999,0,0.1921338,0.0004026,0.03130577,0,0.00455924,0.01347156,0.0503598,1.35796168,100
70 - NSRD0796 Comp 3,Tails,1.81697257,13.44325189,61.86483287,0.32113463,12.31569254,0.01502613,7.08166159,0.17714386,0,0,0.42404767,1.19454002,0.03560603,0,0.2492958,0,0.0302543,0,0.00204453,0.00417693,0.05138207,0.97293658,100
71 - NSRD0796 Comp 4,Tails,0.88520204,14.05252313,65.19844563,0.17470435,12.22198166,0.01027088,4.24446622,0.10522828,0,0.00132711,0.73869624,1.29464244,0.02996143,0,0.1004447,0,0.01901417,0,0.00044849,0.00799249,0.03531936,0.87933138,100
72 - NSRD0796 Comp 5,Tails,1.1098637,20.61886638,57.22510117,0.21712768,13.24372907,0.01521793,4.19201632,0.36776817,0,0,0.79625411,0.93770448,0.03584111,0,0.18840737,0,0.02847273,0,0.00388034,0.01216853,0.04648976,0.96109115,100
73 - NSRD0796 Comp 6,Tails,3.3898479,27.71958004,50.68840266,0.2512867,7.42877305,0.02529842,4.83540559,2.24320292,0,0,0.45576763,1.22927341,0.04053072,0,0.15299736,0.00022185,0.02875423,0,0.00637541,0.01806497,0.03591865,1.4502985,100
74 - NSRD0796 Comp 7,Tails,2.24727478,20.43554322,57.96156937,0.25565626,8.40722335,0.04060466,4.00452536,2.73765532,0,0,0.5526194,1.1359637,0.028931,0,0.13377437,0.00014997,0.04026273,0,0.00030336,0.00292438,0.01556991,1.99944885,100
81 - GVRD0269 Comp 2,Tails,13.08666622,9.70138112,59.06198184,0.42302973,11.85408871,0.01338166,2.68006645,0.00508869,0,0.00021444,0.07418528,1.27249353,0.03549568,0,0.37563979,0,0.05762307,0,0.0045158,0.00874012,0.08538882,1.26001904,100
82 - GVRD0269 Comp 3,Tails,7.39727197,8.26222881,63.94438427,0.46298941,8.81681918,0.06540353,5.378999,0.00266834,0,0,0.89417475,1.60036533,0.04292552,0,0.26001416,0.00011719,0.03578243,0,0.00092191,0.01704507,0.06803901,2.74985013,100
83 - GVRD0269 Comp 4,Tails,2.29345946,18.22463762,51.64627229,1.44709862,20.93340067,0.00542133,2.35323792,0.0010644,0.00035643,0,0.01990784,1.40319598,0.0447406,0,0.52888561,0.00106241,0.08562573,0,0.0964198,0.01886804,0.10932963,0.78701561,100
84 - GVRD0269 Comp 5,Tails,3.34066364,12.86003398,62.15003445,0.17667659,16.97672516,0.00928863,2.03568726,0.0018772,0,0.00022019,0.00476184,0.99712348,0.04442518,0,0.35448249,0,0.05473699,0,0.03381821,0.01977727,0.11809856,0.8215689,100
85 - GVRD0269 Comp 6,Tails,7.10737681,10.80573353,62.18106601,0.40742174,9.27116132,0.08270672,5.14789054,0.00685735,0,0.0000615,0.88159028,1.61668875,0.04484221,0,0.23246646,0.00015885,0.03668937,0,0.00614114,0.00922488,0.05754675,2.10437577,100
86 - GVRD0269 Comp 7,Tails,2.51687593,15.52506192,59.04237634,0.41295205,19.54488274,0.00119006,0.28074272,0.0115861,0,0.00008684,0.00540106,1.2952742,0.04610598,0,0.37487063,0.00026918,0.05195478,0,0.0918851,0.03951117,0.07211269,0.68686051,100
93 - GVRD0267 Comp 4,Tails,9.96032148,16.15661954,56.42243447,0.37217606,11.78715947,0.0665832,0.37708223,0.22408958,0,0,0.37606397,0.8876644,0.02068227,0,0.14596301,0.00036983,0.04409305,0,0.00338036,0.0049927,0.06985665,3.08046772,100
94 - GVRD0267 Comp 5,Tails,8.68735526,16.37839794,55.20387337,0.26490814,14.33768933,0.07005791,0.32382611,0.03735858,0,0,0.60060937,0.82626415,0.02539326,0,0.34168496,0.00040098,0.06720959,0,0.00074221,0.02413472,0.10437459,2.70571952,100
95 - GVRD0267 Comp 6,Tails,4.70526733,14.57090582,63.49376701,0.16804531,12.19187626,0.37326418,0.6154561,0.06903134,0,0.00240505,0.85034246,0.88853134,0.03902193,0,0.13623919,0.00063295,0.02350576,0,0.00126456,0.01224459,0.05657628,1.80162252,100
96 - GVRD0267 Comp 7,Tails,16.36569452,14.205115,51.70819767,0.48472684,11.79483032,0.07561077,0.3248245,0.04106832,0,0,0.42941953,0.98774796,0.02724444,0,0.19062015,0,0.11196892,0,0.00269606,0.01195912,0.0520273,3.18624856,100
97 - GVRD0267 Comp 8,Tails,5.72834072,18.92031371,60.37906622,0.23148154,10.1982359,0.08295783,0.85276886,0.00594903,0,0,0.66371228,0.98428158,0.01772358,0,0.20367486,0.00013369,0.04932447,0,0.00205332,0.01671135,0.07323283,1.59003823,100
98 - GVRD0267 Comp 9,Tails,2.49297899,18.22142791,61.20312493,0.22397335,13.22666917,0.06818808,1.40796697,0.00613177,0,0.00011384,0.66898612,1.04176288,0.03695625,0,0.19127201,0.00052928,0.05296235,0.00005377,0.00702447,0.00761521,0.09064135,1.0516213,100
107 - GVRD0268 Comp 2,Tails,9.65535513,14.62275733,61.87782548,0.2828384,8.40958066,0.0958597,1.86802902,0.04062542,0,0,0.03942406,1.09272321,0.02866728,0,0.11359025,0.00030334,0.01793871,0,0.00293695,0.01332528,0.04261896,1.79560081,100
108 - GVRD0268 Comp 3,Tails,6.72899546,19.25899401,60.54805758,0.13621348,8.55733834,0.05074107,1.79336099,0.01231862,0,0.0073451,0.00698825,1.27875847,0.0285023,0,0.49291032,0,0.06997982,0,0.00070801,0.00577246,0.0569578,0.96605793,100
109 - GVRD0268 Comp 4,Tails,1.39314431,19.73685564,56.82673965,0.1637755,19.85031857,0.00157609,0.07884061,0.0016644,0,0,0.00247137,0.89277087,0.04655536,0,0.24842962,0,0.04323317,0.00064135,0.06634639,0.03108343,0.10278603,0.51276762,100
110 - GVRD0268 Comp 5,Tails,3.2505294,12.40374666,67.25987115,0.19177127,13.72725804,0.03669216,0.73443524,0.00943629,0,0,0.00241543,0.84227017,0.02909981,0,0.22736305,0,0.04379653,0,0.01220711,0.01389588,0.08247485,1.13273698,100
111 - GVRD0268 Comp 6,Tails,10.34331032,10.83121757,64.27650256,0.32155151,8.510414,0.08472392,1.58663168,0.01332291,0,0,0.00412951,0.89236195,0.0234116,0,0.16790315,0,0.0256796,0,0.00047752,0.00349832,0.03263237,2.88223153,100
112 - GVRD0268 Comp 7,Tails,13.43423896,8.60192559,63.32278034,0.30578209,8.29703966,0.09879461,1.71361172,0.00642174,0,0,0.04312058,1.11126898,0.02867565,0,0.15043321,0,0.02588365,0,0.00189131,0.00407467,0.02302342,2.83103381,100
113 - GVRD0268 Comp 8,Tails,10.53417003,7.33074624,66.98286184,0.24219374,7.45641538,0.07945871,1.7352278,0.00528066,0,0,1.52599591,1.38321306,0.03066025,0,0.06092208,0,0.00953785,0,0.00103467,0.00315115,0.02323936,2.59589127,100
114 - GVRD0268 Comp 9,Tails,13.73564631,9.81077657,61.88065176,0.17315627,8.57568878,0.05875226,0.93626067,0.06560504,0,0.00003363,1.17021319,1.21534381,0.03141326,0,0.13336796,0,0.03101554,0.00133437,0.00187447,0.01587913,0.02095706,2.14202992,100
1 - NSRD0801 Comp 3 Mags,Mags,98.38626718,0.09909621,0.87066262,0.02637912,0.14701711,0.00116089,0.28716953,0.00120551,0,0,0.0148941,0.00824411,0.02307844,0,0.00192451,0,0.00199133,0,0.00553896,0.0396629,0.00789374,0.07781375,100
2 - NSRD0801 Comp 4 Mags,Mags,98.26711727,0.11890577,0.80336361,0.02991594,0.1645084,0.06143007,0.2309276,0.0006457,0,0,0.04244347,0.01492253,0.02860132,0,0.00156397,0,0.00431429,0,0.02716818,0.04322729,0.01352325,0.14742133,100
3 - NSRD0801 Comp 5 Mags,Mags,98.18833429,0.17451611,0.9715719,0.06304378,0.18776933,0.00092554,0.14138439,0,0,0.00019981,0.02130927,0.01477685,0.02046004,0,0.00016161,0,0.00850539,0,0.00106577,0.03548019,0.00824507,0.16225068,100
4 - NSRD0801 Comp 6 Mags,Mags,97.48300556,0.29038278,1.03163395,0.22621468,0.45831114,0.0015224,0.12050863,0,0,0,0.04249822,0.01847217,0.01828471,0,0.00140476,0,0.00183456,0,0.0056152,0.13253894,0.01298912,0.15478317,100
5 - NSRD0801 Comp 7 Mags,Mags,97.71545438,0.18365392,1.14437985,0.21108277,0.39122785,0.00063125,0.06980669,0,0,0,0.02313531,0.01904773,0.02906433,0,0.00122817,0,0.00303146,0,0.00599754,0.06113291,0.01823262,0.12289322,100
6 - NSRD0801 Comp 8 Mags,Mags,97.98882345,0.19869024,0.89018964,0.23047683,0.28848337,0.00216953,0.12615985,0,0,0,0.02751656,0.0312429,0.02204156,0,0.00297176,0,0.00219923,0,0.00889442,0.04120082,0.00691119,0.13202864,100
13 - NSRD0800 Comp 4,Mags,96.58436582,0.18835924,2.17601753,0.04997942,0.28089638,0.00284202,0.41285697,0.01950174,0,0,0.00912489,0.0458486,0.03334005,0,0.00035252,0,0.00016113,0,0.00085401,0.04152429,0.00901402,0.14496138,100
14 - NSRD0800 Comp 5,Mags,96.48983244,0.17942494,2.04891994,0.11955359,0.439129,0.00407136,0.3393956,0.00012262,0,0.00018536,0.04962127,0.02575299,0.0171071,0,0.00393182,0,0.00215992,0,0.00633798,0.09773401,0.00645656,0.1702635,100
15 - NSRD0800 Comp 6,Mags,96.38052632,0.16180744,2.00802702,0.20150508,0.64086245,0.0040354,0.23040903,0.00013614,0,0,0.01201673,0.02007776,0.02226429,0,0.00741059,0,0.00704426,0,0.04726907,0.13703697,0.01357397,0.10599749,100
16 - NSRD0800 Comp 8,Mags,96.42577452,0.31634982,1.74078051,0.22511629,0.69132506,0.00375839,0.15577617,0.00020169,0,0,0.00855096,0.01522849,0.03661858,0,0.00067494,0,0.00467163,0,0.00879314,0.25052875,0.01737281,0.09847826,100
17 - NSRD0800 Comp 11,Mags,96.91220709,0.14224414,1.74057522,0.09036221,0.37856365,0.01686169,0.40408826,0.00499675,0,0,0.01173357,0.01233692,0.0225385,0,0.00718747,0,0.00118933,0,0.00383781,0.06425158,0.015071,0.17195482,100
18 - NSRD0800 Comp 15,Mags,96.99954811,0.13537562,1.43152964,0.07676246,0.29821275,0.00368812,0.62356876,0.00840979,0,0,0.07886395,0.02168563,0.02297788,0,0.00969577,0,0.00452942,0,0.00211261,0.07201048,0.00990981,0.20111919,100
25 - NSRD0799 Comp 5,Mags,95.90158408,0.18780066,2.32777346,0.05324443,0.22316467,0.00623671,0.79553572,0.07523354,0,0,0.02024602,0.01729221,0.02759819,0,0.00246078,0,0.00300574,0,0.00331191,0.14734593,0.02350617,0.18465979,100
26 - NSRD0799 Comp 6,Mags,95.97116852,0.20564828,2.24620921,0.06174598,0.27618589,0.00258669,0.75359202,0.10786672,0,0,0.05477411,0.01929847,0.02668693,0,0.00398982,0,0.00079733,0,0.00344417,0.06710625,0.02284194,0.17605767,100
27 - NSRD0799 Comp 10,Mags,96.87665778,0.12639212,2.04912837,0.06168874,0.37118085,0.00124041,0.25899173,0.00624032,0,0,0.01549381,0.02323864,0.03579663,0,0.00916191,0,0.00247181,0,0.00218947,0.0298662,0.01647302,0.11378819,100
28 - NSRD0799 Comp 12,Mags,94.41985473,0.18258492,3.21350705,0.15883992,0.32935435,0.00667853,1.14438843,0.13574644,0,0,0.02641426,0.02530682,0.02772766,0,0.01366003,0,0.00102571,0,0.00041947,0.05909191,0.0162109,0.23918888,100
29 - NSRD0799 Comp 13,Mags,96.08286738,0.17083547,2.32191924,0.08942689,0.34478598,0.00240088,0.67563388,0.01298529,0,0,0.01006971,0.01849222,0.02576761,0,0.00351915,0,0.00113228,0,0.00696429,0.06639681,0.01114069,0.15566223,100
30 - NSRD0799 Comp 14,Mags,96.01558622,0.20097213,2.13503986,0.19246307,0.62592225,0.00346497,0.42440152,0,0,0,0.0090043,0.02822671,0.03458805,0,0.00726778,0,0.00199139,0,0.01031728,0.13619757,0.01671515,0.15784174,100
31 - NSRD0799 Comp 16,Mags,96.28098095,0.27918897,1.65458878,0.23518991,0.66018439,0.00667194,0.29664927,0.00011071,0,0,0.02216255,0.01291085,0.0360008,0,0.00283671,0,0.00274806,0,0.02447142,0.22697615,0.01443835,0.24389019,100
32 - NSRD0799 Comp 17,Mags,95.76800041,0.22652816,2.25094435,0.17951933,0.6470998,0.00647326,0.49923279,0.0000637,0,0,0.01932753,0.0182652,0.02596551,0,0.01981353,0,0.00189295,0,0.0110355,0.11449258,0.01443136,0.19691403,100
41 - NSRD0798 Comp 6,Mags,93.27985002,0.46138716,4.35558558,0.79682448,0.50897348,0.000183,0.21645852,0,0,0,0.13362314,0.04394744,0.01235817,0,0.00240487,0,0.00275522,0,0.00529636,0.02519137,0.00260969,0.15255149,100
42 - NSRD0798 Comp 7,Mags,92.26277698,0.71059362,3.97615825,1.71873542,0.89101121,0.00046992,0.01860035,0,0,0,0.05102076,0.03766735,0.02329678,0,0.00518244,0,0.00399857,0,0.00537071,0.03977136,0.00947839,0.24586788,100
43 - NSRD0798 Comp 8,Mags,92.29419043,0.76226904,3.76993594,1.88811135,0.82484169,0,0.00651806,0.00012763,0,0,0.05168468,0.04663827,0.01158223,0,0.00634548,0,0.01228592,0,0.00567161,0.08145951,0.0048446,0.23349354,100
44 - NSRD0798 Comp 9,Mags,91.73138793,0.80713128,3.93131343,2.23748936,0.83193231,0,0.00524029,0.00020503,0,0,0.05885063,0.07151203,0.02518663,0,0.01103954,0,0.00394249,0,0.00709568,0.04418533,0.00981999,0.22366805,100
45 - NSRD0798 Comp 10,Mags,97.30607642,0.21370156,1.24356808,0.66074762,0.30485123,0,0.00387883,0,0,0,0.04253762,0.0200261,0.01088436,0,0.00748724,0,0.00281372,0,0.00358394,0.05143976,0.0035351,0.12486843,100
51 - NSRD0797 Comp 3,Mags,96.54664324,0.65577031,1.96606641,0.13549062,0.43523972,0.00078218,0.01928969,0.00031798,0,0,0.00807417,0.0199779,0.01264971,0,0.00057329,0,0.00158815,0,0.00893635,0.02960094,0.01495824,0.1440411,100
52 - NSRD0797 Comp 4,Mags,96.23564426,0.32332457,2.56925056,0.23315308,0.30826408,0.00076639,0.05668075,0,0,0,0.00163634,0.05196987,0.02644318,0,0.00093195,0,0.00056798,0,0.00067539,0.0051942,0.01171675,0.17378065,100
53 - NSRD0797 Comp 8,Mags,95.31927244,0.35670503,3.07098624,0.4014098,0.53877306,0.00017588,0.03785649,0,0,0,0.00359853,0.0451588,0.01748567,0,0.00346002,0,0.00491838,0,0.00164778,0.01975676,0.01299852,0.1657966,100
54 - NSRD0797 Comp 9,Mags,95.08826699,0.2651576,3.52445848,0.29237833,0.38400587,0.00033852,0.14338576,0.00032447,0,0,0.0229808,0.07752552,0.02338905,0,0.00405679,0,0.00119984,0,0.00035971,0.01309632,0.01155901,0.14751695,100
55 - NSRD0797 Comp 13,Mags,95.75786805,0.11968311,2.99780739,0.2143592,0.11618033,0.00368624,0.49717492,0.00014775,0,0,0.01447364,0.0538392,0.02255078,0,0.00206468,0,0.00113248,0,0.00026618,0.01423088,0.00881269,0.17572247,100
56 - NSRD0797 Comp 14,Mags,93.16754733,0.52692746,3.69842112,1.06124929,1.06222874,0.00138821,0.14984237,0,0,0,0.00447644,0.05918592,0.02775833,0,0.00721683,0,0.00315174,0,0.00815776,0.03425569,0.01342204,0.17477072,100
63 - NSRD0796 Comp 2,Mags,97.5887809,0.38108733,1.57122626,0.00709824,0.1696914,0.00028324,0.10672678,0.00152632,0,0,0,0.01803716,0.01274265,0,0.00275239,0,0.00087812,0,0.00087016,0.01559647,0.00614272,0.11655986,100
64 - NSRD0796 Comp 3,Mags,96.83621322,0.40903773,2.01964796,0.01014826,0.23039368,0.00086042,0.29348501,0.00583635,0,0,0.00309535,0.02477246,0.01901746,0,0.0028698,0,0.00287856,0,0.0008449,0.01235133,0.01010979,0.11843772,100
65 - NSRD0796 Comp 4,Mags,97.66554529,0.28542631,1.53133991,0.00506456,0.2289076,0.00051873,0.0956955,0.0009944,0,0,0.00624314,0.01277171,0.01406634,0,0.00232202,0,0.00127029,0,0.00079236,0.01018189,0.01008154,0.12877841,100
66 - NSRD0796 Comp 5,Mags,97.16636684,0.50339172,1.67538578,0.00361681,0.25864524,0.00080693,0.11791446,0.01293445,0,0.0000337,0.00960254,0.01397105,0.02389566,0,0.00770454,0,0.00182252,0,0.00003913,0.02277524,0.01324774,0.16784566,100
67 - NSRD0796 Comp 6,Mags,97.88305423,0.46343651,1.01945483,0.00340419,0.12483794,0.00074898,0.15507384,0.04454307,0,0,0.01120079,0.01577945,0.0296989,0,0.00115045,0,0.00074009,0,0.00024086,0.02231245,0.01747638,0.20684704,100
68 - NSRD0796 Comp 7,Mags,96.98094711,0.5231922,1.81919109,0.00500888,0.17205749,0.00049477,0.10570893,0.09979172,0,0.00052658,0.00684271,0.02455783,0.02072836,0,0.00013907,0,0.00332363,0.00031978,0.00018717,0.00860113,0.01328039,0.21510116,100
75 - GVRD0269 Comp 2,Mags,98.12950613,0.22515972,1.11470539,0.0034413,0.17032021,0.00022314,0.03669788,0.00035529,0,0,0.00012992,0.05396073,0.02366408,0,0.00383531,0,0.00152266,0.00017638,0.00210604,0.00940947,0.00931432,0.21547204,100
76 - GVRD0269 Comp 3,Mags,98.11943368,0.39068182,0.8942179,0.00765108,0.19059667,0.00009859,0.04758364,0.00011942,0,0,0,0.05417112,0.02640699,0,0.0036765,0,0.00336095,0,0.02224503,0.02873565,0.01113851,0.19988246,100
77 - GVRD0269 Comp 4,Mags,97.61986391,0.48448143,1.28866901,0.00368536,0.28237986,0,0.00134208,0,0,0.00017908,0.00057571,0.04272807,0.02486804,0,0.00867408,0,0.00447931,0,0.00274479,0.01512621,0.01127142,0.20893164,100
78 - GVRD0269 Comp 5,Mags,98.00853113,0.25456021,1.18198986,0.00336706,0.20407033,0.00052532,0.02173903,0.00075721,0,0.00002304,0.00005049,0.04637599,0.02307324,0,0.00268295,0,0.00200497,0,0.00072219,0.04134975,0.0104405,0.19773675,100
79 - GVRD0269 Comp 6,Mags,98.3471501,0.18070376,0.9005442,0.00554183,0.16141491,0.00111329,0.05219346,0.00008884,0,0.00229737,0.00119594,0.06609169,0.02250233,0,0.00369503,0,0.00178601,0,0,0.01581241,0.01324059,0.22462823,100
80 - GVRD0269 Comp 7,Mags,97.69154892,0.22295227,1.4091069,0.00511822,0.14851972,0.00200373,0.10191871,0.00173353,0,0,0.00468079,0.06891793,0.02042013,0,0.00496006,0,0.00231207,0,0.00002313,0.0126376,0.00976921,0.2933771,100
87 - GVRD0267 Comp 4,Mags,98.10237761,0.20417432,1.13234017,0.00287745,0.17305973,0.00177033,0.00627996,0.00218497,0,0,0.00298382,0.01692937,0.0329136,0,0.00442247,0,0.00163056,0,0.00331477,0.0080104,0.01428094,0.29044951,100
88 - GVRD0267 Comp 5,Mags,97.63199059,0.26360076,1.48391281,0.00292889,0.28253857,0.00047954,0.00607452,0.00028613,0,0,0.00196401,0.01604361,0.02158807,0,0.00129326,0,0.00220537,0,0.00044518,0.02504162,0.01010575,0.2495013,100
89 - GVRD0267 Comp 6,Mags,97.69191712,0.25922065,1.4150076,0.0023788,0.23604174,0.00079209,0.00402609,0,0,0,0.00361072,0.0177789,0.02505543,0,0.00114041,0,0.00239308,0,0.00031744,0.01112781,0.01141105,0.3177811,100
90 - GVRD0267 Comp 7,Mags,98.61259866,0.18212697,0.78247029,0.00212895,0.16465712,0.00031824,0.00377015,0.00034968,0,0,0.00106666,0.01261242,0.02489625,0,0.00101452,0,0.00170734,0,0,0.01356509,0.01441535,0.18230232,100
91 - GVRD0267 Comp 8,Mags,97.22170293,0.25485295,1.78230845,0.0026145,0.23269504,0.00104728,0.0260725,0.00069135,0,0.00012377,0.00589025,0.0294599,0.02559996,0,0.05122808,0,0.00657729,0,0.00016766,0.01902185,0.0130263,0.32691992,100
92 - GVRD0267 Comp 9,Mags,97.62525493,0.28949603,1.6048512,0.00295998,0.16573196,0.00020945,0.03872681,0.00007313,0,0,0.00240396,0.02203,0.01649768,0,0.00139833,0,0.00520457,0,0.00015056,0.02388169,0.00784593,0.1932838,100
99 - GVRD0268 Comp 2,Mags,96.49764001,0.29738562,2.49882139,0.00572525,0.24288156,0.00657906,0.05167707,0.00493194,0,0,0.00028884,0.01780377,0.01659557,0,0.00286719,0,0.00337928,0.00165275,0.0005581,0.0156222,0.00930687,0.32628352,100
100 - GVRD0268 Comp 3,Mags,96.95843535,0.37150695,1.98330908,0.00297405,0.21420655,0.00156475,0.02514101,0.00159981,0,0,0.00064985,0.05116334,0.02117609,0,0.01682547,0,0.00309958,0,0.00007205,0.01028121,0.01131035,0.32668453,100
101 - GVRD0268 Comp 4,Mags,97.5853805,0.46772546,1.45613203,0.00339061,0.22993104,0.00194049,0.00085832,0.00266321,0,0.00034614,0.00003161,0.02207834,0.02352724,0,0.00874544,0,0.00319306,0,0.00369258,0.02914561,0.01033654,0.15088181,100
102 - GVRD0268 Comp 5,Mags,96.71290875,0.35920545,2.27384816,0.00384305,0.28852271,0.00048708,0.01579662,0.00040388,0,0,0.00026554,0.02859397,0.0171877,0,0.00293478,0,0.00584991,0,0.00051972,0.02261435,0.01435722,0.2526611,100
103 - GVRD0268 Comp 6,Mags,96.24450361,0.35984737,2.6186832,0.00644757,0.35324132,0.00479147,0.03307182,0.00350422,0,0.00009834,0.00141649,0.05413327,0.02249468,0,0.00184402,0,0.00156704,0,0.00009788,0.01406695,0.01088394,0.26930681,100
104 - GVRD0268 Comp 7,Mags,95.51295682,0.27086888,3.38832807,0.00856693,0.31861401,0.00279037,0.05430732,0.00058211,0,0,0.0005147,0.06595562,0.0241448,0,0.01253378,0,0.00327663,0,0.00016779,0.01123789,0.01278538,0.31236891,100
105 - GVRD0268 Comp 8,Mags,97.04112722,0.20559238,2.13868549,0.00486043,0.2138173,0.00531497,0.04142218,0.00425791,0,0,0.01451737,0.10425356,0.02310145,0,0,0,0.00235351,0,0.00019719,0.0033464,0.00882451,0.18832812,100
106 - GVRD0268 Comp 9,Mags,97.89752549,0.19889742,1.32297601,0.00353296,0.24921835,0.00028622,0.01961643,0.00127614,0,0.00009526,0.01008158,0.06257376,0.03620234,0,0.00480503,0,0.0011959,0,0.00049772,0.02137613,0.01178022,0.15806304,100
